30 81 118
0 13 6
0 24 8
1 14 2
1 17 5
2 9 2
2 15 2
2 21 3
2 29 4
3 26 5
4 8 4
4 16 3
4 18 3
4 29 6
5 19 4
5 27 5
6 5 6
7 22 3
7 30 11
8 23 2
8 26 3
11 12 4
11 27 8
12 3 2
12 11 2
12 13 2
12 17 3
12 18 3
12 26 5
13 1 2
13 2 2
13 8 3
13 17 2
13 28 8
14 12 4
14 19 2
15 1 2
15 24 4
15 25 4
16 11 2
16 17 4
16 21 2
17 1 2
17 22 3
18 29 6
19 6 6
19 7 6
20 8 6
20 12 2
20 20 2
21 6 4
21 23 2
22 1 3
22 16 3
23 9 2
23 12 2
23 18 2
23 25 3
24 2 2
24 11 3
24 13 4
24 21 3
25 3 3
25 6 5
25 9 2
25 27 3
26 0 2
26 5 5
26 10 2
26 25 4
26 27 3
27 8 3
27 17 3
27 28 2
27 30 3
28 7 2
28 10 2
28 23 4
29 4 4
29 16 2
29 27 2
30 28 5
0 21 2
1 0 2
1 2 3
1 6 4
1 11 4
1 25 9
2 3 3
2 14 3
2 20 6
3 4 4
3 11 3
3 15 3
3 18 5
4 0 2
4 2 12
4 9 2
4 24 5
5 11 2
5 17 3
5 22 2
5 25 5
6 6 7
6 7 2
6 12 5
6 14 2
6 16 6
6 17 4
7 1 3
7 11 6
7 19 3
7 26 8
8 8 4
8 15 4
9 27 9
10 10 4
10 12 6
10 13 4
10 17 3
10 21 6
10 29 3
11 1 4
11 4 7
11 21 2
11 26 6
12 0 2
12 12 3
12 22 4
13 5 2
13 9 3
13 21 3
13 22 4
13 24 5
15 10 3
15 14 4
15 15 2
15 19 3
15 21 3
16 10 2
17 11 3
17 12 2
17 15 2
17 19 2
17 25 2
18 2 2
18 3 3
18 10 3
18 14 4
18 15 2
19 0 2
19 3 3
19 18 5
19 19 3
19 24 5
20 4 6
20 6 7
20 11 2
20 13 4
20 14 2
20 30 2
21 12 3
21 16 3
21 17 3
21 21 3
21 25 4
21 29 3
22 2 6
22 14 3
23 4 2
23 10 3
23 24 3
23 26 6
23 30 2
24 8 2
24 14 3
24 25 5
25 0 4
25 14 3
25 20 3
25 29 3
26 2 2
26 16 3
26 21 6
27 9 3
27 10 3
27 12 4
27 16 3
27 22 4
28 1 2
28 12 2
28 16 3
28 22 4
29 3 4
29 9 4
29 19 3
29 26 6
30 11 3
30 17 4
30 20 5
