20 33 64
0 2 3
0 14 9
2 13 2
3 1 4
3 2 3
4 3 2
4 10 2
5 5 2
5 8 2
5 18 2
6 7 3
9 0 18
9 17 2
10 1 11
10 19 7
11 7 2
11 15 4
12 17 2
13 7 2
13 8 4
13 12 4
14 17 3
15 11 2
16 12 2
16 18 2
17 5 2
17 16 3
18 19 3
19 2 2
19 8 3
19 11 4
19 17 2
20 1 2
1 5 2
1 10 3
1 18 6
2 3 2
2 9 3
2 14 4
2 18 3
3 3 2
3 5 2
3 10 2
3 18 3
4 7 4
4 13 3
5 4 4
5 7 4
5 11 2
5 12 3
5 14 2
6 8 3
6 9 2
6 14 6
6 16 5
7 4 2
7 5 2
7 6 2
7 10 3
7 13 4
8 3 2
8 12 4
8 19 3
8 20 13
9 4 4
9 8 4
9 12 2
10 4 2
10 5 3
10 9 4
10 11 3
11 18 3
12 3 3
12 9 3
12 13 4
13 4 3
13 6 2
13 10 2
13 14 3
14 4 2
14 10 2
14 14 2
14 18 4
15 2 3
15 7 2
15 9 3
15 13 3
16 4 4
16 6 3
16 10 3
17 1 12
17 19 4
18 12 3
19 3 2
19 15 2
20 7 4
20 18 11
