40 146 209
0 1 2
0 8 5
1 29 3
2 5 2
2 11 2
2 12 4
2 21 4
2 23 2
2 25 3
3 4 5
3 8 2
3 15 2
3 24 3
4 16 3
4 21 4
4 26 2
4 35 3
5 10 6
5 40 3
6 1 3
6 5 5
6 17 2
6 27 2
7 4 3
7 7 3
7 17 2
7 33 2
8 36 9
9 12 3
9 14 6
9 18 4
9 37 7
10 21 2
10 23 6
10 25 2
10 30 3
10 39 2
11 13 3
11 22 4
11 26 5
11 28 3
12 3 7
12 12 2
12 16 2
12 21 2
12 31 6
12 34 2
12 38 4
13 1 2
13 35 2
13 40 2
14 9 3
14 13 5
14 30 3
14 32 5
15 2 2
15 4 2
15 15 2
15 33 5
15 36 9
16 8 6
16 26 2
17 7 7
17 11 3
17 23 2
17 39 3
18 15 2
18 20 4
18 30 6
18 37 2
19 2 2
19 5 3
19 21 2
19 38 3
20 8 6
20 17 4
21 10 6
21 11 3
21 28 4
22 16 4
22 34 3
22 40 6
23 36 2
23 39 5
24 4 3
24 12 4
24 20 3
24 29 4
25 12 2
25 16 4
26 9 3
26 35 3
27 1 4
27 6 3
27 27 2
28 0 7
28 12 3
28 25 2
29 5 6
29 23 2
29 30 3
30 13 3
30 19 2
30 24 3
30 26 3
30 35 5
31 17 3
31 22 2
31 27 2
32 3 4
32 9 2
32 12 8
32 29 4
33 5 4
33 11 15
33 20 4
33 25 2
33 38 3
34 5 4
34 6 2
34 15 5
34 19 5
34 24 2
34 32 3
34 36 3
35 39 3
36 3 3
36 17 3
36 31 5
36 38 2
37 13 2
37 24 2
37 37 2
38 0 5
38 25 2
38 34 2
39 2 2
39 19 2
39 22 2
39 28 2
39 36 2
39 38 2
40 9 3
40 22 4
40 28 4
40 34 3
0 6 5
0 23 2
0 33 5
0 34 2
1 8 2
1 9 3
1 14 3
1 17 3
1 18 2
1 24 2
1 26 3
1 30 3
1 40 2
2 3 4
2 20 5
2 27 3
2 36 5
3 1 4
3 13 3
3 26 4
3 36 5
3 39 2
4 6 3
4 28 3
4 38 4
5 11 2
5 16 4
5 17 4
5 21 5
5 30 3
5 34 2
6 3 6
6 11 3
6 13 3
6 26 3
6 34 5
6 36 4
6 39 3
7 2 4
7 15 4
7 19 4
7 22 4
7 35 5
8 1 2
8 19 3
8 22 5
8 25 4
8 26 2
8 29 4
8 38 2
8 39 2
9 2 4
9 5 5
9 8 6
9 31 4
10 9 3
10 17 4
10 24 6
10 32 2
11 16 3
11 24 3
11 27 7
12 2 2
12 10 3
12 30 4
13 7 9
13 30 5
14 4 2
14 15 2
14 16 2
14 20 3
15 17 2
15 19 3
15 21 3
15 22 3
15 25 5
16 1 3
16 4 3
16 5 2
16 16 2
16 19 5
16 24 3
16 25 5
16 38 4
16 40 2
17 3 5
17 29 5
17 35 3
17 36 4
18 2 3
18 12 2
18 28 4
18 29 7
19 17 5
19 23 2
19 33 6
20 3 4
20 15 3
20 18 2
20 22 3
20 23 5
20 25 5
20 27 3
20 30 2
20 31 5
20 37 3
20 38 5
21 1 3
21 2 3
21 14 4
21 18 3
21 33 3
21 35 2
22 11 5
22 22 3
22 33 2
23 5 3
23 14 6
23 30 3
23 32 2
23 37 3
24 2 4
24 6 4
24 8 2
24 19 5
24 26 4
24 27 7
25 13 3
25 20 3
25 22 6
25 23 4
25 36 3
26 3 4
26 5 4
26 7 3
26 16 2
26 19 3
26 26 3
26 30 2
26 34 3
27 2 4
27 31 2
27 33 4
27 38 3
27 40 7
28 8 5
28 10 3
28 14 2
28 20 3
28 29 2
28 31 2
28 34 5
28 37 3
28 38 2
28 40 3
29 2 2
29 18 4
29 26 2
29 29 3
29 31 6
30 3 10
30 16 2
30 29 5
30 32 3
31 1 2
31 6 4
31 13 3
31 25 2
31 38 2
32 0 2
32 4 5
32 14 2
32 22 5
32 28 3
32 40 3
33 21 5
33 24 3
33 28 2
34 13 6
34 18 8
34 35 6
34 40 5
35 2 5
35 8 5
35 23 5
35 29 4
35 33 2
36 7 4
36 35 2
37 5 3
37 9 5
37 14 2
37 16 3
37 23 2
37 25 2
37 38 3
38 28 5
39 1 3
39 6 2
39 10 7
39 18 4
39 23 3
39 24 3
40 0 8
40 5 2
40 14 6
40 20 7
40 33 6
40 38 4
