35 100 168
0 1 3
0 32 3
1 13 3
1 16 3
1 35 2
2 1 2
2 31 3
3 10 9
3 22 2
3 24 2
3 30 4
4 0 3
4 20 3
4 27 2
4 34 2
5 2 2
5 12 3
6 16 2
7 12 2
7 13 3
7 23 6
7 25 5
7 32 3
8 16 5
8 19 5
8 29 4
9 26 6
10 9 4
10 14 2
10 22 2
10 25 3
11 12 4
12 4 7
12 31 2
12 34 8
13 15 4
13 20 4
14 3 8
15 17 4
15 20 4
15 22 4
15 35 9
16 6 4
16 18 2
17 10 4
18 5 6
18 18 3
18 31 4
19 11 5
19 16 5
19 27 2
20 23 7
20 26 2
20 28 2
20 33 2
21 7 4
21 9 3
21 14 6
21 18 4
21 24 3
22 5 2
22 6 5
22 30 5
23 13 3
23 20 3
24 3 6
24 8 3
24 19 6
24 20 3
25 1 24
25 14 6
25 28 2
26 4 2
26 35 3
27 12 3
27 19 2
27 30 4
28 10 4
29 5 3
29 13 4
29 18 2
29 25 4
30 9 2
30 13 3
30 21 2
30 23 2
30 31 3
31 7 6
31 28 8
32 14 3
32 19 2
32 22 3
33 11 2
33 29 4
34 14 2
34 19 2
34 21 3
35 14 5
35 21 4
35 23 4
0 4 3
0 19 4
0 20 2
0 22 2
0 25 3
0 29 2
0 35 3
1 3 2
1 8 4
1 23 3
2 9 6
2 10 2
2 19 2
2 22 4
2 26 2
2 28 3
2 29 2
2 34 2
3 3 2
3 5 10
3 33 2
4 3 3
4 6 13
4 19 2
4 33 4
5 5 3
5 9 2
5 21 2
5 35 2
6 5 2
6 11 2
6 13 4
6 18 2
6 28 4
6 33 4
7 0 29
7 4 9
7 6 3
7 8 2
7 14 3
7 19 2
8 1 3
8 11 2
8 23 7
8 27 2
8 35 13
9 2 9
9 16 7
9 17 3
9 33 3
10 21 3
10 30 4
11 7 4
11 18 2
11 19 3
11 22 8
11 33 3
12 7 3
12 19 2
12 21 3
12 23 3
12 24 4
12 30 4
13 5 4
13 8 6
13 10 5
13 14 2
13 26 2
13 31 3
14 13 4
14 18 3
14 20 6
14 22 6
14 23 2
14 25 3
14 31 4
14 32 2
15 8 2
15 10 2
15 24 2
15 25 2
15 29 2
15 32 3
15 33 2
16 7 2
16 13 5
16 17 4
16 27 4
17 6 5
17 18 3
17 23 2
17 26 4
17 29 3
18 14 4
18 26 2
19 31 4
19 35 2
20 6 3
20 25 3
20 34 3
20 35 2
21 8 7
21 11 5
21 22 4
21 30 3
21 31 4
22 7 7
22 17 4
22 22 4
22 33 6
23 15 6
23 27 6
24 5 3
24 11 5
24 16 2
24 27 3
24 28 6
24 33 2
25 7 3
25 16 3
25 22 4
25 31 2
25 35 4
26 20 3
26 27 11
26 34 3
27 3 2
27 5 3
27 23 3
27 25 6
28 2 10
28 8 5
28 19 2
28 20 3
29 17 6
29 21 3
29 23 2
30 7 2
30 15 5
30 32 5
30 33 2
30 34 3
30 35 2
31 3 3
31 5 7
31 17 4
31 19 2
31 32 2
32 9 5
32 16 4
32 26 7
32 35 4
33 7 2
33 9 2
33 24 2
33 34 3
34 31 2
35 2 2
35 3 4
35 5 2
35 6 2
35 7 2
35 8 2
35 10 3
35 19 3
35 25 2
35 31 2
35 32 3
