24 99 55
0 11
0 20
0 22
1 3
1 4
1 12
1 16
1 18
2 1
2 2
2 18
2 21
2 23
3 4
3 12
3 14
4 5
4 12
4 15
4 18
4 20
4 23
5 3
5 14
5 15
5 17
5 20
6 2
6 13
6 24
7 23
8 2
9 0
9 1
9 4
9 19
10 3
10 16
10 20
11 8
11 9
11 17
11 21
12 2
12 3
12 8
12 24
13 8
13 9
13 17
13 19
13 20
13 21
13 22
14 4
14 6
14 9
14 17
14 23
15 5
15 12
15 19
15 23
16 7
16 9
16 11
16 12
16 14
16 17
16 22
17 1
17 6
17 24
18 2
18 5
18 13
18 16
19 4
19 9
19 11
19 12
19 22
19 23
20 5
20 6
20 8
20 12
21 2
21 3
21 8
21 16
21 22
22 9
22 10
22 13
22 22
23 13
23 16
23 20
0 1
0 7
2 8
2 14
3 2
3 10
3 19
3 22
5 0
5 16
6 0
6 7
6 8
6 11
6 21
7 5
7 7
7 10
7 17
7 20
8 3
8 13
8 16
9 7
10 10
10 14
10 19
10 21
10 23
12 12
13 2
13 6
13 14
15 2
15 3
15 17
15 18
15 20
16 13
17 14
18 18
19 0
20 0
20 15
20 20
20 24
21 9
21 11
21 19
22 6
23 2
24 0
24 14
24 17
24 23
