34 193 122
0 8
0 12
0 22
1 0
1 10
1 18
1 20
1 23
1 29
1 31
2 6
2 8
2 10
2 12
2 18
2 21
2 31
3 9
3 11
3 15
3 23
4 9
4 17
4 19
4 21
4 24
5 22
5 27
5 28
5 30
6 5
6 9
6 15
6 19
6 24
7 3
7 4
7 6
7 8
7 20
7 23
7 27
7 30
8 2
8 20
8 22
8 24
8 26
8 28
9 7
9 27
9 28
9 32
9 33
10 2
10 16
10 19
10 22
10 30
10 31
11 11
11 22
11 23
11 27
11 33
12 3
12 6
12 9
12 11
12 17
12 20
13 6
13 7
13 10
13 16
13 20
13 22
13 30
14 9
14 11
14 13
14 17
14 19
14 24
14 25
15 11
15 19
15 29
16 8
16 10
16 12
16 14
16 26
16 29
16 32
17 0
17 3
17 9
17 12
17 14
17 15
17 23
17 32
18 4
18 6
18 7
18 18
18 27
18 28
18 29
19 6
19 17
19 32
20 4
20 7
20 13
20 17
20 24
20 32
20 34
21 3
21 9
21 11
21 16
21 18
21 24
21 25
22 4
22 7
22 15
22 20
22 23
22 27
22 31
23 0
23 4
23 27
23 31
24 18
24 19
24 21
24 28
24 29
25 2
25 6
25 8
25 21
25 24
25 32
25 33
26 0
26 9
26 19
27 1
27 4
27 10
27 13
27 17
27 18
27 22
28 5
28 7
28 13
29 9
29 11
29 24
30 4
30 7
30 10
30 16
31 1
31 2
31 7
31 11
31 16
31 22
31 25
31 33
32 6
32 8
32 16
32 20
33 0
33 4
33 9
33 11
33 28
33 33
34 5
34 10
34 12
34 28
34 32
0 6
0 34
1 1
1 16
1 25
1 26
2 3
2 27
2 33
3 4
3 25
4 0
4 8
4 14
4 33
5 3
5 6
5 11
5 15
5 16
5 21
5 32
6 27
7 14
7 21
8 3
8 10
8 18
8 21
8 33
9 9
9 14
10 5
10 11
10 15
10 17
11 13
11 26
12 5
12 14
12 32
13 0
13 21
13 27
13 29
14 4
14 18
14 26
14 32
15 1
15 5
15 7
15 17
15 31
16 11
16 22
16 25
16 28
17 21
17 27
18 2
18 5
18 20
19 9
19 13
19 20
19 23
19 29
20 2
20 15
20 26
21 1
21 20
22 0
22 2
22 5
22 18
22 21
23 7
23 10
23 23
23 29
23 33
24 8
24 15
25 10
25 13
26 3
26 20
26 26
26 28
26 33
27 9
27 11
27 29
28 15
28 17
28 20
28 23
28 26
28 30
28 33
29 1
29 3
29 16
29 22
29 31
29 33
30 14
30 20
30 24
30 30
31 27
31 29
32 2
32 14
33 19
33 22
33 24
34 2
34 8
34 31
