29 156 79
0 1
0 17
0 22
0 28
1 12
1 14
1 20
1 23
1 29
2 15
2 22
2 23
3 7
3 15
3 16
3 19
3 20
3 24
3 27
4 2
4 9
4 15
4 18
4 19
4 25
4 29
5 24
6 5
6 8
6 15
6 18
6 19
6 20
6 22
6 25
6 27
7 1
7 8
7 9
7 15
7 24
7 25
7 28
8 1
8 2
8 14
8 20
8 21
9 1
9 6
9 11
9 14
9 23
10 1
10 5
10 11
10 23
10 27
10 29
11 9
11 11
11 14
11 17
11 24
11 25
11 28
12 0
12 2
12 3
12 13
12 17
12 27
12 29
13 3
13 19
13 20
13 26
14 1
14 2
14 13
14 17
14 27
15 9
15 28
15 29
16 0
16 3
16 10
16 20
16 27
17 2
17 4
17 7
17 9
17 12
17 18
17 28
18 4
18 26
19 0
19 6
19 13
19 14
19 15
19 26
19 28
20 5
20 6
20 27
20 29
21 7
21 12
21 15
22 1
22 2
22 8
22 16
22 21
22 28
23 6
23 17
23 27
23 28
24 5
24 7
24 9
24 16
24 21
24 22
24 23
25 3
25 7
25 12
25 15
25 20
25 23
26 1
26 2
26 6
26 16
26 22
26 29
27 4
27 11
27 12
27 20
28 6
28 13
28 14
28 20
28 21
29 2
29 5
29 8
29 10
29 25
0 7
0 9
1 1
1 6
1 27
2 10
2 13
3 4
3 22
4 5
4 12
5 6
5 11
6 1
6 6
6 12
6 24
6 26
6 29
8 9
8 17
10 4
10 7
10 20
10 22
11 3
12 7
12 11
12 18
13 14
13 22
13 24
13 29
14 5
14 7
14 8
14 25
15 13
15 17
16 7
16 12
16 18
16 23
17 16
17 20
17 24
18 11
18 21
19 1
19 10
19 16
19 22
19 27
20 8
20 15
20 19
21 1
21 10
21 17
21 20
21 22
21 26
22 4
22 19
23 16
24 1
24 11
24 12
24 28
25 24
26 10
26 19
27 6
27 15
28 25
29 0
29 3
29 17
29 27
