39 250 160
0 2
0 18
0 35
0 38
1 6
1 11
1 19
1 26
1 38
2 1
2 6
2 7
2 12
2 14
2 18
2 19
3 0
3 1
3 4
3 9
3 10
3 13
3 16
3 19
3 26
3 37
4 5
4 12
4 14
4 20
4 26
4 31
5 3
5 4
5 7
5 9
5 13
5 22
5 30
5 34
6 0
6 10
6 11
6 16
6 18
6 19
6 23
6 39
7 13
7 19
7 24
7 29
8 14
8 17
8 18
8 22
8 24
8 30
9 5
9 9
9 11
9 12
9 15
9 17
9 18
9 21
9 22
9 24
9 27
9 31
9 35
10 4
10 5
10 10
10 17
10 24
10 26
10 36
11 8
11 15
11 17
11 25
11 26
11 31
11 32
12 7
12 22
12 23
12 25
12 27
12 29
12 36
12 38
13 18
13 23
13 32
13 34
14 6
14 10
14 13
14 20
15 38
16 11
16 13
16 15
16 17
16 18
16 22
16 26
16 34
16 37
16 38
17 1
17 2
17 9
17 14
17 17
17 24
17 27
17 39
18 1
18 10
18 15
18 20
18 22
18 26
18 27
18 35
18 37
18 39
19 17
19 19
19 21
19 35
19 38
20 0
20 22
21 1
21 22
21 35
21 37
22 20
22 25
22 26
22 36
22 37
22 39
23 15
23 17
23 38
24 8
24 17
24 21
24 24
24 34
24 36
25 9
25 14
25 22
25 23
25 29
25 37
26 3
26 6
26 10
26 16
26 20
26 33
26 36
26 38
27 6
27 21
27 27
27 30
27 32
27 34
28 5
28 11
28 13
28 18
28 23
28 36
29 6
29 9
29 10
29 27
29 30
29 31
29 32
29 34
30 2
30 5
30 12
30 13
30 14
30 20
30 21
30 24
30 31
30 38
31 7
31 13
31 16
31 20
31 25
31 36
32 1
32 28
32 30
32 33
32 34
33 0
33 8
33 21
33 29
33 32
33 33
34 9
34 16
34 18
34 19
34 20
34 27
34 29
35 2
35 16
35 22
35 32
35 33
35 39
36 6
36 10
36 18
36 20
36 37
37 34
37 38
37 39
38 2
38 3
38 9
38 11
38 12
38 21
38 25
38 34
38 35
39 2
39 8
39 24
0 9
0 15
0 25
0 32
1 4
1 21
1 29
2 17
2 22
2 30
2 34
3 28
4 11
4 16
4 22
4 34
4 36
5 8
5 26
6 13
6 28
6 36
7 2
7 3
7 20
7 33
7 34
7 37
8 6
8 8
8 39
9 0
9 3
9 34
10 29
11 1
11 10
11 14
11 16
11 38
12 13
12 28
12 33
13 5
13 19
13 27
13 29
13 31
13 39
14 2
14 8
14 15
14 21
14 24
14 33
14 36
15 1
15 4
15 7
15 9
15 13
15 18
16 6
16 29
17 20
17 29
17 32
18 4
18 11
18 13
18 33
19 7
19 18
19 24
19 36
20 3
20 17
20 20
20 23
20 26
20 30
20 31
20 33
21 4
21 5
21 8
21 12
21 15
22 7
22 9
22 11
22 19
22 31
23 5
23 13
23 16
23 28
23 33
24 2
24 10
24 25
24 28
24 35
25 18
25 25
25 32
26 1
26 8
26 11
26 15
26 23
27 1
27 39
28 24
28 34
28 38
29 4
29 16
29 19
30 9
30 28
31 24
32 2
32 4
32 5
32 9
32 13
32 20
32 26
33 10
33 14
33 16
33 36
33 37
34 23
34 24
35 7
35 10
35 25
35 26
35 28
35 31
36 4
36 11
36 14
36 19
37 0
37 2
37 5
37 14
37 23
37 32
37 35
38 8
38 16
38 19
38 28
38 30
39 26
39 37
